# weight      mu1      mu2       k1       k2       k3 lognormc    env_K  env1_mu  env2_mu   env1_k   env2_k   env1_w   env2_w 
  0.0014  -1.6539   0.3827  84.2210  79.3867   9.6553 151.5241  -0.0016   0.0000  -0.0000  68.5657  68.5657   0.5000   0.5000 
  0.0035  -2.0280   2.2771 137.5967 120.0304  15.2054 239.5407  -0.0010   0.0000  -0.0000 103.0176 103.0176   0.5000   0.5000 
  0.0136  -1.0957  -0.7279 367.6315 318.7878 103.1329 579.7507   0.0006   0.0000  -0.0000 175.9300 175.9300   0.5000   0.5000 
  0.0011   1.3746   0.2937 157.8661 143.8361  37.9887 260.8879  -0.0005   0.0000  -0.0000  94.1313  94.1313   0.5000   0.5000 
  0.0035  -1.2087   2.4169 149.1779 105.1266  12.8420 238.5889  -0.0009   0.0000  -0.0000  91.1345  91.1345   0.5000   0.5000 
  0.0005   2.3848  -3.0717  69.3823  49.1430  18.6886  98.1264   0.0026   0.0000  -0.0000  24.0778  24.0778   0.5000   0.5000 
  0.0014  -2.7646   2.4267 111.9500 127.7252  34.2266 202.9282  -0.0004   0.0000  -0.0000  78.9464  78.9464   0.5000   0.5000 
  0.0031  -1.5851  -0.1203  93.1932 135.1908  12.8284 212.8073  -0.0015   0.0000  -0.0000 120.4181 120.4181   0.5000   0.5000 
  0.0038  -2.2319   2.7106 115.2303 136.6838   4.8236 244.1383  -0.0011   0.0000  -0.0000 131.6731 131.6731   0.5000   0.5000 
  0.0023  -1.4504   2.0819 154.4048  93.9753  11.6353 233.9045  -0.0008   0.0000  -0.0000  81.4425  81.4425   0.5000   0.5000 
  0.0005   0.9679  -2.1760 119.0475 130.8769  16.8977 230.1976  -0.0012   0.0000  -0.0000 111.2973 111.2973   0.5000   0.5000 
  0.0019   0.9514   0.6625 412.5782 266.5117 125.8453 550.0234   0.0037   0.0000  -0.0000  86.3744  86.3744   0.5000   0.5000 
  0.0012  -2.3059   1.4982  84.8568  96.0641   2.8108 175.4799  -0.0015   0.0000  -0.0000  93.1753  93.1753   0.5000   0.5000 
  0.0015  -1.5961   2.8265  78.1915  91.4571  18.6580 148.6849  -0.0016   0.0000  -0.0000  67.2346  67.2346   0.5000   0.5000 
  0.0013  -1.7625  -0.6582 108.8882 131.7399  17.4999 220.3561  -0.0013   0.0000  -0.0000 111.0242 111.0242   0.5000   0.5000 
  0.0050  -1.1980  -0.3552 105.1892  94.6659  17.7164 179.5952  -0.0012   0.0000  -0.0000  73.5170  73.5170   0.5000   0.5000 
  0.0004  -1.6674  -2.6347  25.8420  60.9277  -4.7743  89.5908  -0.0041   0.0000  -0.0000  64.8957  64.8957   0.5000   0.5000 
  0.0004   1.6740   3.0490  79.9152 129.3325  25.4634 181.3635  -0.0016   0.0000  -0.0000  92.4428  92.4428   0.5000   0.5000 
  0.0004  -2.3119  -0.0193 223.7436 200.0794  87.7089 333.4660   0.0102   0.0000  -0.0000  57.7130  57.7130   0.5000   0.5000 
  0.0022  -2.4233   2.9202 136.0012 117.1672  29.6836 220.8044  -0.0007   0.0000  -0.0000  79.4631  79.4631   0.5000   0.5000 
  0.0013  -1.4443   1.3227 190.1671 137.9171  20.9935 303.9951  -0.0007   0.0000  -0.0000 114.4029 114.4029   0.5000   0.5000 
  0.0004   1.7359  -0.4801  37.2775  51.8338  -6.9585  93.9910  -0.0028   0.0000  -0.0000  57.6384  57.6384   0.5000   0.5000 
  0.0072  -1.0201  -0.7954 201.1423 261.7321  63.4782 396.2057   0.0005   0.0000  -0.0000 169.4946 169.4946   0.5000   0.5000 
  0.0061  -1.2555  -0.6581 140.5785 148.4989  22.7107 263.4217  -0.0010   0.0000  -0.0000 121.5522 121.5522   0.5000   0.5000 
  0.0029  -0.9984   2.3153 143.6536 144.9018  21.6713 263.9304  -0.0009   0.0000  -0.0000 119.5089 119.5089   0.5000   0.5000 
  0.0034  -2.3183   2.3114 102.2176  84.2948  16.1333 167.9033  -0.0012   0.0000  -0.0000  65.2821  65.2821   0.5000   0.5000 
  0.0010  -2.8875  -3.0505  53.0777  67.7104  -1.4486 119.9615  -0.0023   0.0000  -0.0000  69.1078  69.1078   0.5000   0.5000 
  0.0031  -1.2021   2.8172 135.6974 111.8150   7.6307 236.9744  -0.0010   0.0000  -0.0000 103.7635 103.7635   0.5000   0.5000 
  0.0026  -1.6079   2.4459  94.2411 107.8270  -2.3391 201.6116  -0.0013   0.0000  -0.0000 110.0978 110.0978   0.5000   0.5000 
  0.0015  -1.8359   1.8303 124.2267  99.2831   1.8713 218.7859  -0.0010   0.0000  -0.0000  97.3911  97.3911   0.5000   0.5000 
  0.0008  -2.1711   0.6822 157.2339 169.2425  55.5905 268.1985   0.0012   0.0000  -0.0000  84.1037  84.1037   0.5000   0.5000 
  0.0002  -2.2024  -1.5983  15.9305 150.8673  -7.0024 171.5544  -0.0056   0.0000  -0.0000 155.6287 155.6287   0.5000   0.5000 
  0.0000   1.7875  -1.2675   1.1870   0.7592   0.3745   4.1067   0.0036   0.0000  -0.0000   0.5668   0.5668   0.5000   0.5000 
  0.0061  -1.0632  -0.5752 194.7956 127.5312  27.2030 292.1206  -0.0006   0.0000  -0.0000  96.0397  96.0397   0.5000   0.5000 
  0.0019  -1.8669   0.1534 190.4076 191.3390  49.2707 329.4245   0.0005   0.0000  -0.0000 125.2289 125.2289   0.5000   0.5000 
  0.0006   1.6361   0.0625 122.3756  80.3939   0.1717 199.8430  -0.0010   0.0000  -0.0000  80.2226  80.2226   0.5000   0.5000 
  0.0022  -2.6729   2.7865  86.4823 107.0347   2.8683 187.9535  -0.0015   0.0000  -0.0000 104.0862 104.0862   0.5000   0.5000 
  0.0088  -1.0907  -0.7951 202.8061 181.5575  26.0325 355.0711   0.0001   0.0000  -0.0000 151.7918 151.7918   0.5000   0.5000 
  0.0029  -2.0425   2.5232 117.2824 110.6935  23.5521 201.7942  -0.0010   0.0000  -0.0000  81.4358  81.4358   0.5000   0.5000 
  0.0011  -2.5351   1.8755  82.0504  73.0599   9.3101 143.4296  -0.0016   0.0000  -0.0000  62.6421  62.6421   0.5000   0.5000 
  0.0009  -1.9508   3.0348 133.5050  55.1407   1.3210 184.7310  -0.0009   0.0000  -0.0000  53.8117  53.8117   0.5000   0.5000 
  0.0008   1.0304   0.9023  49.6777  97.7156 -32.9342 177.5779  -0.0014   0.0000  -0.0000 117.4215 117.4215   0.5000   0.5000 
  0.0001   2.0092  -1.6618 136.6509  77.4137  38.9389 173.0879   0.0104   0.0000  -0.0000  23.8543  23.8543   0.5000   0.5000 
  0.0033  -1.7189   2.2291  95.5231 130.2499  21.2295 201.9119  -0.0015   0.0000  -0.0000 103.1871 103.1871   0.5000   0.5000 
  0.0004  -2.3931  -0.8885  29.4526  53.1414  -8.5926  89.1658  -0.0033   0.0000  -0.0000  59.7155  59.7155   0.5000   0.5000 
  0.0004   1.3158  -2.3834  90.9719 154.1632  35.7247 206.9620  -0.0007   0.0000  -0.0000  96.2061  96.2061   0.5000   0.5000 
  0.0035  -1.0909   2.6038 126.8672 153.2311  20.1129 257.0584  -0.0011   0.0000  -0.0000 129.4599 129.4599   0.5000   0.5000 
  0.0037  -1.3838  -0.2096 123.9568 151.5456  34.1347 238.6328  -0.0008   0.0000  -0.0000 104.8109 104.8109   0.5000   0.5000 
  0.0038  -1.2949  -0.8364 120.8233 129.6756  26.6022 221.1831  -0.0010   0.0000  -0.0000  95.8108  95.8108   0.5000   0.5000 
  0.0020  -2.1344   1.9107  93.4139  83.9701   6.1551 168.6607  -0.0014   0.0000  -0.0000  77.4218  77.4218   0.5000   0.5000 
  0.0019  -1.5140   0.0938 118.0337 106.5279  22.0458 199.8858  -0.0010   0.0000  -0.0000  79.6100  79.6100   0.5000   0.5000 
  0.0018  -1.6993  -0.3251  77.9304  55.0406 -17.8788 148.2886  -0.0012   0.0000  -0.0000  69.5229  69.5229   0.5000   0.5000 
  0.0004   1.2839  -0.9585 114.4094  49.3434   7.6883 153.7129  -0.0011   0.0000  -0.0000  41.1474  41.1474   0.5000   0.5000 
  0.0011  -1.3239   3.1369  64.8288  63.7973 -14.7197 140.8351  -0.0015   0.0000  -0.0000  75.7296  75.7296   0.5000   0.5000 
  0.0059  -0.9960  -0.7113 102.7901 123.8510   0.5593 223.2011  -0.0012   0.0000  -0.0000 123.2914 123.2914   0.5000   0.5000 
  0.0005  -2.3602   0.9759  75.2937  73.0213   4.4215 141.4922  -0.0018   0.0000  -0.0000  68.3593  68.3593   0.5000   0.5000 
  0.0042  -1.1037  -0.3627 343.3516 199.1613  85.3870 453.9607   0.0016   0.0000  -0.0000  86.0052  86.0052   0.5000   0.5000 
  0.0009  -1.0100  -1.2001  62.0213  99.1598  19.7931 139.2303  -0.0020   0.0000  -0.0000  70.5730  70.5730   0.5000   0.5000 
  0.0025  -1.8953   2.0816 106.8167 126.0716  20.5643 209.6294  -0.0013   0.0000  -0.0000 100.7891 100.7891   0.5000   0.5000 
  0.0010  -2.1814  -0.4657  53.8842  91.7387   3.6368 139.6315  -0.0025   0.0000  -0.0000  87.8791  87.8791   0.5000   0.5000 
  0.0034  -2.4767   2.5731 110.9777 106.0825  17.3066 197.0988  -0.0012   0.0000  -0.0000  85.7122  85.7122   0.5000   0.5000 
  0.0012   1.3774   0.0177 109.1099 209.2782  25.6484 289.7809   0.0001   0.0000  -0.0000 175.9862 175.9862   0.5000   0.5000 
  0.0011  -3.0005   2.8809  46.1221 108.6336 -10.9663 163.1579  -0.0022   0.0000  -0.0000 117.4219 117.4219   0.5000   0.5000 
  0.0002   2.6138  -2.4388  75.4036 201.2587  44.3789 230.1145   0.0083   0.0000  -0.0000  97.0825  97.0825   0.5000   0.5000 
  0.0022  -1.7501   2.6672  92.9204  86.4999   0.3076 176.4609  -0.0014   0.0000  -0.0000  86.1930  86.1930   0.5000   0.5000 
  0.0035  -2.2031   2.3605 115.3995 135.6513  27.2947 221.0538  -0.0011   0.0000  -0.0000 100.1752 100.1752   0.5000   0.5000 
  0.0033  -1.3930  -0.4696 106.9308 124.3051  25.4882 203.1322  -0.0011   0.0000  -0.0000  91.1202  91.1202   0.5000   0.5000 
  0.0022  -1.5803   1.7864 145.7190 107.1670  27.9791 222.2196  -0.0006   0.0000  -0.0000  72.7528  72.7528   0.5000   0.5000 
  0.0005  -0.6050  -1.0144 134.0021  97.9846  19.7373 209.5622  -0.0009   0.0000  -0.0000  74.9700  74.9700   0.5000   0.5000 
  0.0005  -1.8202  -1.2239  81.2299  55.3954   4.7607 129.5784  -0.0016   0.0000  -0.0000  50.3746  50.3746   0.5000   0.5000 
  0.0024  -2.2360   2.0433 114.6408 112.7310  22.6266 202.1050  -0.0011   0.0000  -0.0000  84.7451  84.7451   0.5000   0.5000 
  0.0011  -0.8623   2.1226  53.5427  96.8089  14.7722 133.4230  -0.0028   0.0000  -0.0000  76.7401  76.7401   0.5000   0.5000 
  0.0016   1.0219   0.5602 197.3067 152.6129  66.1325 281.1908   0.0050   0.0000  -0.0000  54.1928  54.1928   0.5000   0.5000 
  0.0015  -1.9345  -0.1989 181.4339 142.7151  43.2650 278.0310  -0.0001   0.0000  -0.0000  86.2354  86.2354   0.5000   0.5000 
  0.0008  -2.5953  -2.9833 120.6561  82.7435  27.5504 173.4944   0.0001   0.0000  -0.0000  47.3739  47.3739   0.5000   0.5000 
  0.0001   0.9765  -2.8368  44.1018  30.2083  11.7023  61.3692   0.0039   0.0000  -0.0000  14.7836  14.7836   0.5000   0.5000 
  0.0024  -1.4000   2.5447  93.5966 137.5665  23.8146 204.7351  -0.0015   0.0000  -0.0000 105.9183 105.9183   0.5000   0.5000 
  0.0028  -1.3843   2.2454  91.6074 102.6060  16.7479 174.9436  -0.0015   0.0000  -0.0000  82.2814  82.2814   0.5000   0.5000 
  0.0011  -2.1761   0.4523 103.1358 138.1418  13.0656 225.3948  -0.0014   0.0000  -0.0000 123.2739 123.2739   0.5000   0.5000 
  0.0098  -1.1396  -0.6541 253.7989 207.0218  62.3271 395.2916   0.0006   0.0000  -0.0000 124.7651 124.7651   0.5000   0.5000 
  0.0041  -1.0521   2.4581 131.1505 108.6344  19.9715 217.0757  -0.0010   0.0000  -0.0000  85.2112  85.2112   0.5000   0.5000 
  0.0022  -1.2870   2.1239  73.1488 124.8885  -9.9564 205.1766  -0.0015   0.0000  -0.0000 133.6027 133.6027   0.5000   0.5000 
  0.0007   1.4806  -2.8579  55.2622  65.7003   0.6668 118.0504  -0.0023   0.0000  -0.0000  65.0316  65.0316   0.5000   0.5000 
  0.0098  -1.1087  -0.7523 298.6186 269.4599  65.3597 499.2182   0.0002   0.0000  -0.0000 186.0497 186.0497   0.5000   0.5000 
  0.0002   1.9470   2.5628  60.7004 256.3157  34.4588 280.1683   0.0017   0.0000  -0.0000 178.7742 178.7742   0.5000   0.5000 
  0.0022  -1.8373   2.4752 105.1886  96.2526   3.9370 194.7740  -0.0012   0.0000  -0.0000  92.1836  92.1836   0.5000   0.5000 
  0.0004  -2.7593   1.2848  86.4701 101.8041  18.6727 167.1547  -0.0015   0.0000  -0.0000  78.2185  78.2185   0.5000   0.5000 
  0.0012   0.8649   0.8863 130.3604 134.8294  33.2027 229.2858  -0.0007   0.0000  -0.0000  90.6203  90.6203   0.5000   0.5000 
  0.0009   2.7839  -3.0549  29.7133  22.5693 -10.3315  60.9108  -0.0028   0.0000  -0.0000  30.1641  30.1641   0.5000   0.5000 
  0.0011  -1.4334   0.9393 110.3253  56.5574  10.0887 154.4229  -0.0011   0.0000  -0.0000  45.5223  45.5223   0.5000   0.5000 
  0.0027  -1.3347   2.7194 100.2899 110.6048   4.8892 203.2375  -0.0013   0.0000  -0.0000 105.4932 105.4932   0.5000   0.5000 
  0.0003   2.1943  -0.6030  26.3296  29.4038  10.1981  44.6802   0.0084   0.0000  -0.0000  13.8475  13.8475   0.5000   0.5000 
  0.0014  -1.2040  -0.1183  72.7317  59.4610 -23.9091 153.4827  -0.0012   0.0000  -0.0000  77.3839  77.3839   0.5000   0.5000 
  0.0001   0.4287   0.9195  45.5110  25.2592  16.1634  54.2174   0.1820   0.0000  -0.0000   3.4295   3.4295   0.5000   0.5000 
  0.0014   1.4708  -0.0984 230.7030 219.4526  46.3462 400.4968   0.0002   0.0000  -0.0000 161.6706 161.6706   0.5000   0.5000 
  0.0014  -1.4645   3.0579  72.1868 147.9760   8.2315 209.2265  -0.0020   0.0000  -0.0000 138.7624 138.7624   0.5000   0.5000 
  0.0011  -2.6054   2.1612 116.1526  97.0653  13.6146 196.9271  -0.0011   0.0000  -0.0000  81.7320  81.7320   0.5000   0.5000 
  0.0012   1.1545   0.3612 150.5247 123.8431   8.4296 262.9276  -0.0009   0.0000  -0.0000 114.9474 114.9474   0.5000   0.5000 
  0.0017  -2.7487   3.0503 119.6177 122.4085  15.4346 223.7829  -0.0011   0.0000  -0.0000 104.7859 104.7859   0.5000   0.5000 
  0.0003   1.5733   0.8981  21.3194  46.4464   6.7723  59.6996  -0.0077   0.0000  -0.0000  36.9469  36.9469   0.5000   0.5000 
  0.0005  -1.1844   1.7204  50.8622  97.4887  -1.5768 147.4919  -0.0024   0.0000  -0.0000  99.0037  99.0037   0.5000   0.5000 
  0.0036  -2.3281   2.4601 129.3321 106.7866  12.9214 220.3955  -0.0010   0.0000  -0.0000  92.5023  92.5023   0.5000   0.5000 
  0.0008  -2.3864  -2.9063  69.0472  74.8024  15.5997 126.0999  -0.0017   0.0000  -0.0000  54.9057  54.9057   0.5000   0.5000 
  0.0031  -1.7242   2.0171  95.4849 115.3402   5.9418 202.1306  -0.0014   0.0000  -0.0000 109.0416 109.0416   0.5000   0.5000 
  0.0029  -1.7325  -0.0149 143.3711 122.6204  11.7695 251.2725  -0.0009   0.0000  -0.0000 109.8526 109.8526   0.5000   0.5000 
  0.0001   2.0791   0.3258 110.5920  68.0666   6.0987 170.0158  -0.0012   0.0000  -0.0000  61.6460  61.6460   0.5000   0.5000 
  0.0051  -1.1641  -0.5155 162.7199 114.1105  28.2785 245.7501  -0.0006   0.0000  -0.0000  80.0682  80.0682   0.5000   0.5000 
  0.0024  -1.9496   2.7413  87.2325  80.2150   7.1853 157.7707  -0.0015   0.0000  -0.0000  72.4386  72.4386   0.5000   0.5000 
  0.0120  -1.0614  -0.7699 491.2765 492.5931 161.6884 818.3550   0.0007   0.0000  -0.0000 252.3210 252.3210   0.5000   0.5000 
  0.0001   2.1010  -2.7433  98.2964  74.6808   4.8727 165.5557  -0.0013   0.0000  -0.0000  69.5834  69.5834   0.5000   0.5000 
  0.0003  -2.0477   1.2102 156.1222 135.1678  52.1984 236.5820   0.0029   0.0000  -0.0000  57.6567  57.6567   0.5000   0.5000 
  0.0035  -2.1383   2.1930 144.1168 105.5566  14.4692 232.3646  -0.0009   0.0000  -0.0000  89.5455  89.5455   0.5000   0.5000 
  0.0005   1.4964   2.9676  53.5350  78.0286   1.5750 127.6871  -0.0024   0.0000  -0.0000  76.4217  76.4217   0.5000   0.5000 
  0.0032  -0.8561  -0.8328 130.4525 176.1126  39.0713 264.6793  -0.0008   0.0000  -0.0000 120.7768 120.7768   0.5000   0.5000 
  0.0003  -2.6710   0.5094  39.3610  18.1353 -12.4151  68.1253  -0.0019   0.0000  -0.0000  27.5145  27.5145   0.5000   0.5000 
  0.0029  -2.3680   2.7302 149.7239 127.7558  21.8091 252.7706  -0.0009   0.0000  -0.0000 102.3532 102.3532   0.5000   0.5000 
  0.0008  -2.0845  -0.9351  85.8255  74.5895  17.7142 140.4517  -0.0012   0.0000  -0.0000  52.5023  52.5023   0.5000   0.5000 
  0.0001  -3.0013  -0.6975  60.4492   7.5259  -0.3894  67.1333  -0.0021   0.0000  -0.0000   7.9098   7.9098   0.5000   0.5000 
  0.0013  -0.8577  -0.4885 101.4729 110.2508  25.0266 184.1956  -0.0011   0.0000  -0.0000  77.3422  77.3422   0.5000   0.5000 
  0.0010  -1.9079  -0.4260 118.4445 151.0943  23.3412 243.3573  -0.0012   0.0000  -0.0000 122.2128 122.2128   0.5000   0.5000 
  0.0006   1.6551  -2.0862  17.5574  22.7442   0.4565  38.7246  -0.0075   0.0000  -0.0000  22.2895  22.2895   0.5000   0.5000 
  0.0017  -1.4694  -0.8071  91.0989 129.2737   8.3649 209.2461  -0.0015   0.0000  -0.0000 120.1228 120.1228   0.5000   0.5000 
  0.0015  -2.0297   0.2233 186.5809 104.5063  10.4150 277.6574  -0.0007   0.0000  -0.0000  93.5107  93.5107   0.5000   0.5000 
  0.0013  -1.9077   0.4167 116.6285 108.3414  21.4866 200.8418  -0.0011   0.0000  -0.0000  82.1843  82.1843   0.5000   0.5000 
  0.0003   0.6710   1.2969  33.1221  34.4207  -2.3890  68.1915  -0.0035   0.0000  -0.0000  36.6195  36.6195   0.5000   0.5000 
  0.0006   1.7977  -0.1408  82.0057  89.2023  13.2646 155.5208  -0.0017   0.0000  -0.0000  73.5169  73.5169   0.5000   0.5000 
  0.0002  -1.2256  -1.5337  29.7216  48.0702  -1.7049  77.6646  -0.0040   0.0000  -0.0000  49.6577  49.6577   0.5000   0.5000 
  0.0028  -1.0951  -0.9285 170.0047 119.1925  32.5829 253.8075  -0.0004   0.0000  -0.0000  79.1082  79.1082   0.5000   0.5000 
  0.0006  -2.7671   2.1183 128.2199 136.9593  26.3818 236.0039  -0.0010   0.0000  -0.0000 103.9546 103.9546   0.5000   0.5000 
  0.0032  -1.2172  -0.2364 200.1282 176.4089  58.6783 314.9510   0.0005   0.0000  -0.0000  93.9478  93.9478   0.5000   0.5000 
  0.0004  -1.9757  -2.5717  20.9640  44.0191 -10.1232  73.2688  -0.0040   0.0000  -0.0000  50.7502  50.7502   0.5000   0.5000 
  0.0022  -1.5592  -0.6097  83.1556 119.5641   2.1406 197.8396  -0.0016   0.0000  -0.0000 117.3808 117.3808   0.5000   0.5000 
  0.0024  -2.2376   2.8349 114.0226 133.9361  19.4523 225.7188  -0.0012   0.0000  -0.0000 110.6325 110.6325   0.5000   0.5000 
  0.0005  -1.5539  -2.8428  48.1567  41.3672  -6.2197  93.6652  -0.0023   0.0000  -0.0000  46.8306  46.8306   0.5000   0.5000 
  0.0005  -0.8408   2.6542  92.8177 106.6418  23.5415 173.4785  -0.0012   0.0000  -0.0000  75.4213  75.4213   0.5000   0.5000 
  0.0023  -1.6877   0.0963 118.3439 100.8914  17.6894 198.8883  -0.0011   0.0000  -0.0000  80.2246  80.2246   0.5000   0.5000 
  0.0026  -1.4773  -0.2814  72.4921  84.4666  10.3171 144.2761  -0.0019   0.0000  -0.0000  72.5494  72.5494   0.5000   0.5000 
  0.0002   2.9428   1.9562  17.1533   3.1668  -2.6733  22.5211  -0.0039   0.0000  -0.0000   5.4467   5.4467   0.5000   0.5000 
  0.0031  -1.5815   2.1830 143.9311  75.1668 -14.7881 230.9507  -0.0008   0.0000  -0.0000  88.5410  88.5410   0.5000   0.5000 
  0.0033  -1.9445   2.3105 111.6767 111.7051  18.7280 201.9821  -0.0012   0.0000  -0.0000  89.3544  89.3544   0.5000   0.5000 
  0.0104  -1.1256  -0.7081 250.3702 218.3415  56.8903 408.5390   0.0003   0.0000  -0.0000 145.0142 145.0142   0.5000   0.5000 
  0.0011  -2.2572   3.1335  59.0948  41.3853 -22.4992 120.5931  -0.0013   0.0000  -0.0000  57.6100  57.6100   0.5000   0.5000 
  0.0007  -1.6870   1.6386  97.1423 109.5439  -4.4819 208.3305  -0.0012   0.0000  -0.0000 113.8079 113.8079   0.5000   0.5000 
  0.0055  -1.0789  -0.4832 261.2449 193.3439  51.8797 399.4466   0.0003   0.0000  -0.0000 128.8352 128.8352   0.5000   0.5000 
  0.0016  -0.8706  -1.0037 135.0239  83.4555  26.9725 189.0506  -0.0001   0.0000  -0.0000  50.0148  50.0148   0.5000   0.5000 
  0.0030  -1.4446  -0.0486 172.6984 151.9576  48.8952 272.9742   0.0003   0.0000  -0.0000  84.2512  84.2512   0.5000   0.5000 
  0.0024  -1.2175   2.2336 105.3770 121.5968   6.0207 218.1205  -0.0013   0.0000  -0.0000 115.2453 115.2453   0.5000   0.5000 
  0.0023  -1.5416   2.5998  75.9101  89.2347   1.9100 160.6892  -0.0017   0.0000  -0.0000  87.2889  87.2889   0.5000   0.5000 
  0.0019  -1.3731   2.3665 100.6766 114.8094  10.6730 202.0864  -0.0014   0.0000  -0.0000 102.9448 102.9448   0.5000   0.5000 
  0.0005  -1.8761  -3.0444 133.0077 134.1899  22.6192 241.7296  -0.0010   0.0000  -0.0000 107.0894 107.0894   0.5000   0.5000 
  0.0005   2.9039  -2.7991  63.5280  88.2229  18.9804 130.6542  -0.0018   0.0000  -0.0000  61.5840  61.5840   0.5000   0.5000 
  0.0029  -2.4697   2.4255  98.3861 125.3849   9.8322 211.1670  -0.0014   0.0000  -0.0000 114.5287 114.5287   0.5000   0.5000 
  0.0008   1.1148   0.7376  77.8590 125.1577 -30.1176 230.1386  -0.0011   0.0000  -0.0000 146.7898 146.7898   0.5000   0.5000 
  0.0032  -2.2182   2.5851 112.0568 145.9145  21.8844 233.2871  -0.0012   0.0000  -0.0000 118.9062 118.9062   0.5000   0.5000 
  0.0008  -0.7784   2.3565  87.6675  95.0916  21.6696 158.7365  -0.0012   0.0000  -0.0000  66.6212  66.6212   0.5000   0.5000 
  0.0026  -2.7637   2.7745 107.8490 107.8060   2.4731 210.3650  -0.0012   0.0000  -0.0000 105.2872 105.2872   0.5000   0.5000 
  0.0014  -2.1291   1.6003  76.9460  82.9507 -16.5569 173.7402  -0.0013   0.0000  -0.0000  96.5137  96.5137   0.5000   0.5000 
  0.0018  -1.3789   2.9407 198.5166 162.0279  54.0244 303.6329   0.0003   0.0000  -0.0000  88.2690  88.2690   0.5000   0.5000 
  0.0041  -2.0003   2.1512 109.7491 103.5347   4.4286 206.0698  -0.0012   0.0000  -0.0000  98.9428  98.9428   0.5000   0.5000 
  0.0008  -2.4413   0.1247  49.1541  28.8262   1.9049  74.3475  -0.0026   0.0000  -0.0000  26.8670  26.8670   0.5000   0.5000 
  0.0001   2.9780  -1.4342  15.9879  17.7482   3.7450  29.3085  -0.0081   0.0000  -0.0000  13.1257  13.1257   0.5000   0.5000 
  0.0012  -1.8231  -0.8870 128.3259 107.6040  25.8229 207.4705  -0.0008   0.0000  -0.0000  75.4999  75.4999   0.5000   0.5000 
  0.0010  -2.3273   1.2576 164.6725  91.0042  32.5401 220.5723   0.0002   0.0000  -0.0000  50.7244  50.7244   0.5000   0.5000 
  0.0005  -1.6621   0.7774  78.1356  62.3936  -1.5933 139.6956  -0.0016   0.0000  -0.0000  63.9456  63.9456   0.5000   0.5000 
  0.0051  -1.1867  -0.8313  98.1723 128.6363  -5.3100 229.1914  -0.0012   0.0000  -0.0000 133.6504 133.6504   0.5000   0.5000 
  0.0009  -1.3956   1.5732 108.8397  53.1840 -28.4950 187.7344  -0.0008   0.0000  -0.0000  75.7089  75.7089   0.5000   0.5000 
  0.0054  -1.2346  -0.7372  82.6995 138.6380   7.0211 211.5559  -0.0017   0.0000  -0.0000 131.0189 131.0189   0.5000   0.5000 
  0.0003  -2.3105  -2.3840  84.8524  39.5338  15.4629 107.1285   0.0010   0.0000  -0.0000  20.8826  20.8826   0.5000   0.5000 
  0.0008   1.0010  -2.2698 224.9233 208.1464  55.5379 374.3526   0.0004   0.0000  -0.0000 134.7317 134.7317   0.5000   0.5000 
  0.0023  -1.0938   2.6685 155.8268 133.8880  22.0587 264.7054  -0.0008   0.0000  -0.0000 108.3098 108.3098   0.5000   0.5000 
  0.0013  -2.1585  -0.0290  61.6064  45.3277 -14.2417 118.8331  -0.0015   0.0000  -0.0000  56.8349  56.8349   0.5000   0.5000 
  0.0002   1.4174  -0.4881  28.0520  53.7460  -9.6223  89.3950  -0.0033   0.0000  -0.0000  60.8268  60.8268   0.5000   0.5000 
  0.0004   0.9544  -1.9999  22.4388  59.3771 -12.6267  92.4023  -0.0035   0.0000  -0.0000  67.3561  67.3561   0.5000   0.5000 
  0.0023  -2.6381   2.6392  96.2025  96.8710   6.9288 183.4927  -0.0014   0.0000  -0.0000  89.4496  89.4496   0.5000   0.5000 
  0.0001  -1.2896  -1.8734  35.7681  56.7652   9.8481  81.0163  -0.0040   0.0000  -0.0000  43.5189  43.5189   0.5000   0.5000 
  0.0094  -1.0654  -0.7111 175.4419 132.5708  19.5133 285.4611  -0.0007   0.0000  -0.0000 110.6998 110.6998   0.5000   0.5000 
  0.0031  -1.5673   2.0414 208.9763 140.3655  40.3208 306.0434  -0.0003   0.0000  -0.0000  90.6341  90.6341   0.5000   0.5000 
  0.0009   1.3056  -2.9974 140.3969 110.6994  47.1400 201.6737   0.0060   0.0000  -0.0000  40.7435  40.7435   0.5000   0.5000 
  0.0008  -1.3584  -1.1744  29.2807  57.6704  -3.2018  88.2050  -0.0039   0.0000  -0.0000  60.5143  60.5143   0.5000   0.5000 
  0.0018   1.2651   0.1915 181.8451 210.0680  63.8593 325.1456   0.0016   0.0000  -0.0000 112.4277 112.4277   0.5000   0.5000 
  0.0028  -1.0888   2.4239 112.8737  81.5576   3.1297 188.6125  -0.0011   0.0000  -0.0000  78.3538  78.3538   0.5000   0.5000 
  0.0002  -2.8736   1.5813  45.5705  97.1617  18.9238 121.9181  -0.0027   0.0000  -0.0000  65.6972  65.6972   0.5000   0.5000 
  0.0000   0.7940   2.1493 996.6345  91.6799  55.7530 1029.2355   0.0009   0.0000  -0.0000  32.7111  32.7111   0.5000   0.5000 
  0.0001  -0.7902  -2.0156  16.3519  15.5968  -3.6119  34.4561  -0.0061   0.0000  -0.0000  18.4926  18.4926   0.5000   0.5000 
  0.0011  -1.7385   2.9478  97.2806 112.1862  19.0196 187.8652  -0.0014   0.0000  -0.0000  88.7342  88.7342   0.5000   0.5000 
  0.0012  -1.3046   1.9352 153.6844  65.8523  -1.7917 218.5387  -0.0008   0.0000  -0.0000  67.6178  67.6178   0.5000   0.5000 
  0.0039  -0.9559  -0.6106 204.4385 149.0329  40.9607 309.5093  -0.0004   0.0000  -0.0000  98.0453  98.0453   0.5000   0.5000 
  0.0006  -1.4810   0.2807 111.7822  72.3995   1.5945 179.9470  -0.0011   0.0000  -0.0000  70.7894  70.7894   0.5000   0.5000 
  0.0010   1.7285  -0.3130  68.1364 115.2866   7.1707 173.7002  -0.0020   0.0000  -0.0000 107.3428 107.3428   0.5000   0.5000 
  0.0013  -1.0304   2.1193 148.6301 130.8486  41.7727 235.0635   0.0002   0.0000  -0.0000  73.2237  73.2237   0.5000   0.5000 
  0.0017  -2.4137   2.1387  90.8763 114.1743   3.9222 198.3855  -0.0014   0.0000  -0.0000 110.0997 110.0997   0.5000   0.5000 
  0.0003   3.0696   2.6389  45.3300  30.7330  -7.7684  81.8793  -0.0022   0.0000  -0.0000  37.3136  37.3136   0.5000   0.5000 
  0.0009  -3.0944   3.0741  71.5243  99.3670  16.8342 151.7220  -0.0019   0.0000  -0.0000  77.6095  77.6095   0.5000   0.5000 
  0.0034  -1.2067   2.6384 129.5190  92.7808   7.2297 212.2851  -0.0010   0.0000  -0.0000  85.1579  85.1579   0.5000   0.5000 
  0.0017  -1.8101   0.2709 119.7688 189.4663  24.7042 281.5592   0.0001   0.0000  -0.0000 158.5382 158.5382   0.5000   0.5000 
  0.0013  -2.5673   2.9808 101.8677  99.8852   8.9156 190.1610  -0.0013   0.0000  -0.0000  90.1726  90.1726   0.5000   0.5000 
  0.0051  -1.1324  -0.4172 213.3386 145.5865  51.0615 304.9749   0.0003   0.0000  -0.0000  78.8466  78.8466   0.5000   0.5000 
  0.0002   1.1573   1.8092  93.3940  38.5801  16.8897 113.3085   0.0023   0.0000  -0.0000  18.2456  18.2456   0.5000   0.5000 
  0.0059  -1.0133  -0.8661 214.0524 194.7994  58.7847 347.0142   0.0008   0.0000  -0.0000 114.2088 114.2088   0.5000   0.5000 
  0.0007   1.3752   0.6138  57.5563  37.5455   3.8125  89.3854  -0.0023   0.0000  -0.0000  33.5052  33.5052   0.5000   0.5000 
  0.0002   1.8940  -2.6535 178.1490  46.1400  24.7678 197.4143   0.0034   0.0000  -0.0000  17.6189  17.6189   0.5000   0.5000 
  0.0001  -0.7456   1.4637  28.7885   3.5166  -3.1338  34.6482  -0.0023   0.0000  -0.0000   6.3188   6.3188   0.5000   0.5000 
  0.0005  -3.0893  -2.7093  50.4928  78.0417  22.9010 104.0019   0.0046   0.0000  -0.0000  37.7014  37.7014   0.5000   0.5000 
  0.0013  -2.1645  -0.2320  87.2774  88.2628  15.5133 157.6104  -0.0015   0.0000  -0.0000  69.5625  69.5625   0.5000   0.5000 
  0.0018   0.9826   0.7627 137.5952 150.7987  22.7209 262.7320  -0.0010   0.0000  -0.0000 123.7282 123.7282   0.5000   0.5000 
  0.0001   1.2116  -1.1915 244.9383  81.9952  23.0173 301.0369  -0.0003   0.0000  -0.0000  56.6741  56.6741   0.5000   0.5000 
  0.0010   1.4425   0.0851 102.8822 132.8306  -9.4140 242.1302  -0.0011   0.0000  -0.0000 141.4194 141.4194   0.5000   0.5000 
  0.0003   1.6255   2.5357 119.2238 116.7850  43.2751 190.4532   0.0039   0.0000  -0.0000  49.9201  49.9201   0.5000   0.5000 
  0.0004  -1.7033   1.1947  71.9537  89.2217   4.2007 154.4877  -0.0018   0.0000  -0.0000  84.7951  84.7951   0.5000   0.5000 
  0.0003  -0.3567  -0.9570  19.6992   8.9918   4.6136  23.9746   0.0275   0.0000  -0.0000   3.4974   3.4974   0.5000   0.5000 
  0.0023  -2.1067   2.0489 170.3380 110.3834  38.4981 239.5674   0.0003   0.0000  -0.0000  60.9851  60.9851   0.5000   0.5000 
  0.0001   2.2874   2.1142  48.0615  39.2186  13.7661  72.0824   0.0020   0.0000  -0.0000  20.4683  20.4683   0.5000   0.5000 
  0.0025  -1.5915   2.3236  74.0722  97.3839  -5.5352 174.3285  -0.0016   0.0000  -0.0000 102.5036 102.5036   0.5000   0.5000 
  0.0028  -1.3395  -0.2765 147.1807 134.3145  30.9336 247.7449  -0.0007   0.0000  -0.0000  95.3898  95.3898   0.5000   0.5000 
  0.0031  -1.8466   2.2130 155.1784 155.3548  29.4636 278.1022  -0.0008   0.0000  -0.0000 119.1776 119.1776   0.5000   0.5000 
  0.0001   2.2761   0.0492  29.9969  62.2707   7.6937  82.8898  -0.0053   0.0000  -0.0000  52.1995  52.1995   0.5000   0.5000 
  0.0001  -2.8032  -1.1590 182.1564  47.4204  29.8521 197.8058   0.0119   0.0000  -0.0000  12.1766  12.1766   0.5000   0.5000 
  0.0017  -2.6090   2.4556  86.1904 152.2423  10.5574 225.0810  -0.0016   0.0000  -0.0000 140.2977 140.2977   0.5000   0.5000 
  0.0025  -1.9667   2.6535 115.6923 136.3956  20.8304 228.4661  -0.0012   0.0000  -0.0000 111.1553 111.1553   0.5000   0.5000 
  0.0004  -1.2719  -2.8746  69.5385  76.8776  25.3229 119.2220   0.0027   0.0000  -0.0000  37.9702  37.9702   0.5000   0.5000 
  0.0071  -1.1575  -0.7268 160.5035 171.6221  27.2849 301.7676  -0.0008   0.0000  -0.0000 138.9014 138.9014   0.5000   0.5000 
  0.0053  -1.1760  -0.6055 209.1465 123.9057  37.2153 292.9196  -0.0003   0.0000  -0.0000  78.8448  78.8448   0.5000   0.5000 
  0.0002  -2.0210  -1.8898 111.1129 104.0778  31.9634 180.8377   0.0001   0.0000  -0.0000  59.7004  59.7004   0.5000   0.5000 
  0.0025  -2.8228   2.8444 134.8638 142.3854  20.6657 253.6687  -0.0010   0.0000  -0.0000 118.1101 118.1101   0.5000   0.5000 
  0.0024  -1.3037  -0.1021 192.9964 179.9085  54.8570 315.1014   0.0010   0.0000  -0.0000 103.7343 103.7343   0.5000   0.5000 
  0.0037  -1.3675  -0.6919 109.4229 127.7000  15.6790 218.6659  -0.0013   0.0000  -0.0000 109.5121 109.5121   0.5000   0.5000 
  0.0018  -0.9367   2.3942 195.3817 157.5027  39.3212 310.5343  -0.0005   0.0000  -0.0000 108.5013 108.5013   0.5000   0.5000 
  0.0001   2.2862   0.9016  30.3576  43.5655   9.7203  62.8396  -0.0037   0.0000  -0.0000  29.7714  29.7714   0.5000   0.5000 
  0.0133  -1.0944  -0.7424 462.3258 460.0782 153.6623 764.9932   0.0008   0.0000  -0.0000 230.6523 230.6523   0.5000   0.5000 
  0.0010  -2.3983   1.7538  84.8560 144.9693  12.3344 214.7533  -0.0017   0.0000  -0.0000 130.6469 130.6469   0.5000   0.5000 
  0.0036  -1.7231   2.3488 126.0862  71.1567  -1.2774 195.7961  -0.0010   0.0000  -0.0000  72.4164  72.4164   0.5000   0.5000 
  0.0002  -1.2289   0.6307  38.7769  17.8599   1.7864  53.5077  -0.0033   0.0000  -0.0000  16.0155  16.0155   0.5000   0.5000 
  0.0014  -1.9536  -0.6082 119.1248  86.1949  10.2522 192.4041  -0.0011   0.0000  -0.0000  75.0363  75.0363   0.5000   0.5000 
  0.0027  -2.5209   2.8281 110.1514 115.7638  20.1491 203.0998  -0.0012   0.0000  -0.0000  91.2776  91.2776   0.5000   0.5000 
  0.0006   1.6331   0.3919  18.3976  45.1686 -13.0729  74.7764  -0.0039   0.0000  -0.0000  52.7060  52.7060   0.5000   0.5000 
  0.0006  -1.3419   1.1495  47.1483  79.3091   4.5318 119.7376  -0.0029   0.0000  -0.0000  74.3581  74.3581   0.5000   0.5000 
  0.0003   2.3547  -2.7756  72.2156  64.2833  -8.2202 142.2308  -0.0015   0.0000  -0.0000  71.6223  71.6223   0.5000   0.5000 
  0.0003  -2.0892  -1.3451  76.0494  70.3202  -7.8903 151.7112  -0.0015   0.0000  -0.0000  77.4302  77.4302   0.5000   0.5000 
  0.0003  -2.4843  -0.3416 101.7567  40.6582  16.9776 123.5509   0.0013   0.0000  -0.0000  20.5218  20.5218   0.5000   0.5000 
  0.0035  -2.1008   2.6038 104.9187 125.2495   7.0892 220.2436  -0.0013   0.0000  -0.0000 117.6881 117.6881   0.5000   0.5000 
  0.0031  -2.2980   2.2244 125.7109 138.1307  21.6737 239.3260  -0.0011   0.0000  -0.0000 112.0970 112.0970   0.5000   0.5000 
  0.0097  -1.0971  -0.6748 217.6419 121.8039  17.8367 318.4855  -0.0006   0.0000  -0.0000 102.4329 102.4329   0.5000   0.5000 
  0.0005  -2.4065   0.7179  41.8235  55.2718  -1.4733  96.5088  -0.0029   0.0000  -0.0000  56.6789  56.6789   0.5000   0.5000 
  0.0028  -1.6928   2.1450 100.5375 106.8235   4.1958 200.4069  -0.0013   0.0000  -0.0000 102.4687 102.4687   0.5000   0.5000 
  0.0023  -2.1563   2.7814 117.4148 146.2151  10.5172 250.1652  -0.0012   0.0000  -0.0000 134.7217 134.7217   0.5000   0.5000 
  0.0019  -1.2681   2.9877 175.6917 171.7397  39.0420 305.3692  -0.0006   0.0000  -0.0000 121.8006 121.8006   0.5000   0.5000 
  0.0003   2.5260   2.6688  36.7963  30.0967   4.6530  60.7447  -0.0036   0.0000  -0.0000  24.8707  24.8707   0.5000   0.5000 
  0.0026  -1.5800  -0.3634  99.2671  98.5111  13.3226 181.8586  -0.0014   0.0000  -0.0000  83.2292  83.2292   0.5000   0.5000 
  0.0036  -1.1849   2.5231 126.2509  89.2271  11.7308 201.0496  -0.0010   0.0000  -0.0000  76.3606  76.3606   0.5000   0.5000 
  0.0017  -1.8120   2.7822 129.8150 118.4433  19.8519 225.6190  -0.0010   0.0000  -0.0000  95.1413  95.1413   0.5000   0.5000 
  0.0037  -1.3205  -0.5777 132.6186 115.5598  26.2663 219.2096  -0.0008   0.0000  -0.0000  83.0207  83.0207   0.5000   0.5000 
  0.0022  -1.9804   1.9185 121.4098 103.1212   7.6927 214.0351  -0.0011   0.0000  -0.0000  94.9475  94.9475   0.5000   0.5000 
  0.0003  -0.5576  -1.1515  27.2013  38.9228   5.2942  59.3928  -0.0054   0.0000  -0.0000  32.5278  32.5278   0.5000   0.5000 
  0.0026  -2.6665   2.8822 121.9401 155.5673  22.3621 252.2576  -0.0011   0.0000  -0.0000 128.3479 128.3479   0.5000   0.5000 
  0.0104  -1.0613  -0.7854 427.9482 367.4113 121.7188 669.9730   0.0006   0.0000  -0.0000 197.8202 197.8202   0.5000   0.5000 
  0.0012  -1.0810   2.7932  78.6124  74.2862   6.9268 143.5767  -0.0017   0.0000  -0.0000  66.7493  66.7493   0.5000   0.5000 
  0.0019  -1.2551   2.4084 109.4926  79.6898   3.0709 183.4496  -0.0012   0.0000  -0.0000  76.5458  76.5458   0.5000   0.5000 
  0.0008  -1.9366   1.4665  45.0882  73.2714 -17.7560 133.6598  -0.0019   0.0000  -0.0000  85.9233  85.9233   0.5000   0.5000 
  0.0002  -0.3314   2.0990  23.8696   7.3842   2.8223  28.0516   0.0004   0.0000  -0.0000   4.3158   4.3158   0.5000   0.5000 
  0.0018  -1.8653  -0.0689  99.7893 118.0548 -12.2918 227.1865  -0.0011   0.0000  -0.0000 128.9535 128.9535   0.5000   0.5000 
  0.0003   1.8964   2.7772  75.5032 157.1689  26.4004 203.7843  -0.0020   0.0000  -0.0000 117.1351 117.1351   0.5000   0.5000 
  0.0024  -1.6316  -0.1698  84.2022  80.7652 -14.2105 176.4582  -0.0012   0.0000  -0.0000  92.8702  92.8702   0.5000   0.5000 
  0.0031  -2.1989   2.4255  99.2698  95.6195  11.0162 181.2626  -0.0014   0.0000  -0.0000  83.3089  83.3089   0.5000   0.5000 
  0.0003   1.1957   2.9814  68.6313  63.9553  16.0787 114.4861  -0.0013   0.0000  -0.0000  43.2551  43.2551   0.5000   0.5000 
  0.0004   0.9512   1.1877 137.0343  98.8024  24.5104 208.6872  -0.0007   0.0000  -0.0000  69.1419  69.1419   0.5000   0.5000 
  0.0022  -0.8685  -0.7159  79.1570 129.5813  12.3418 193.7635  -0.0018   0.0000  -0.0000 115.0834 115.0834   0.5000   0.5000 
  0.0036  -1.2920  -0.3857 119.2758 104.9800  20.2489 201.3541  -0.0010   0.0000  -0.0000  80.7496  80.7496   0.5000   0.5000 
  0.0026  -1.7048   2.5330  91.9056 116.2766   7.7120 197.7536  -0.0015   0.0000  -0.0000 107.9120 107.9120   0.5000   0.5000 
  0.0010   1.6203  -0.1928 174.2195 184.8428  17.0972 338.7194   0.0000   0.0000  -0.0000 165.9519 165.9519   0.5000   0.5000 
  0.0039  -0.9269  -0.8884 146.0916 144.8304  25.1640 262.8297  -0.0009   0.0000  -0.0000 114.5899 114.5899   0.5000   0.5000 
  0.0038  -1.1428  -0.3028 547.3021 396.9847 174.7210 765.9679   0.0021   0.0000  -0.0000 141.3084 141.3084   0.5000   0.5000 
  0.0005   3.0769  -2.9861  46.2717  59.1234 -21.8773 124.8516  -0.0017   0.0000  -0.0000  73.8897  73.8897   0.5000   0.5000 
  0.0011  -2.6517  -3.1268 135.2275 132.0651  39.0028 225.6701  -0.0001   0.0000  -0.0000  77.7413  77.7413   0.5000   0.5000 
  0.0012  -1.4930   1.1751 248.8666 190.0393  60.0708 375.6977   0.0007   0.0000  -0.0000 111.2136 111.2136   0.5000   0.5000 
  0.0013  -2.2803   1.8700 137.6588  87.5162  16.2893 206.2089  -0.0009   0.0000  -0.0000  69.1368  69.1368   0.5000   0.5000 
  0.0030  -1.5722   0.0206 102.0556 107.9170   4.4104 202.7930  -0.0013   0.0000  -0.0000 103.3321 103.3321   0.5000   0.5000 
  0.0015  -2.5794   2.3176  79.2767  79.4163 -22.6813 178.6151  -0.0012   0.0000  -0.0000  96.9821  96.9821   0.5000   0.5000 
  0.0002   1.3607  -1.1669  34.2446  34.3775   8.3923  58.8708  -0.0029   0.0000  -0.0000  23.5708  23.5708   0.5000   0.5000 
  0.0037  -2.1560   2.2582  78.9327  99.6244   0.6495 175.2708  -0.0016   0.0000  -0.0000  98.9737  98.9737   0.5000   0.5000 
  0.0006   1.2239  -2.7018 104.5493 131.5212  24.3902 209.0264  -0.0013   0.0000  -0.0000  99.9704  99.9704   0.5000   0.5000 
  0.0013  -1.4219   1.9459 153.7371 152.5473  21.3284 281.9272  -0.0009   0.0000  -0.0000 127.8954 127.8954   0.5000   0.5000 
  0.0038  -2.1274   2.4703  83.9059  79.5237  -2.1563 162.9982  -0.0015   0.0000  -0.0000  81.6140  81.6140   0.5000   0.5000 
  0.0022  -2.0058   2.3978 144.8149 172.3422  43.8204 270.5188  -0.0005   0.0000  -0.0000 109.9937 109.9937   0.5000   0.5000 
  0.0020  -1.6284   0.1303 123.4154 136.5800  18.0424 239.0894  -0.0011   0.0000  -0.0000 115.5675 115.5675   0.5000   0.5000 
  0.0034  -1.1182   2.3450 119.8342  97.2940   9.7527 204.6340  -0.0011   0.0000  -0.0000  86.7311  86.7311   0.5000   0.5000 
  0.0015  -2.7688   2.6223  77.6583  71.2325 -11.7384 158.0239  -0.0014   0.0000  -0.0000  81.3795  81.3795   0.5000   0.5000 
  0.0034  -1.0231   2.5221 207.7515 176.5786  46.9112 334.3395   0.0004   0.0000  -0.0000 116.2757 116.2757   0.5000   0.5000 
  0.0001  -2.5108  -1.8912  13.6872  24.1649  -8.7380  45.1923  -0.0054   0.0000  -0.0000  29.4000  29.4000   0.5000   0.5000 
  0.0030  -2.3009   2.6169 144.1366 126.1694  29.1242 238.4001  -0.0007   0.0000  -0.0000  89.8919  89.8919   0.5000   0.5000 
  0.0003   2.6233  -0.3886  10.1533  35.2377   3.9685  40.6852  -0.0203   0.0000  -0.0000  29.3453  29.3453   0.5000   0.5000 
  0.0006   0.8217   0.4797 183.6193 110.8587  66.5076 226.2257   0.1032   0.0000  -0.0000  11.0314  11.0314   0.5000   0.5000 
  0.0010  -2.2106   0.2152  96.3110 119.8221  17.9471 195.5539  -0.0014   0.0000  -0.0000  97.9361  97.9361   0.5000   0.5000 
  0.0016  -1.9646   1.7764 147.2333  40.0811 -24.4159 208.9428  -0.0006   0.0000  -0.0000  60.9845  60.9845   0.5000   0.5000 
  0.0010  -2.3894   3.1284 148.4791  99.4361  26.1493 219.0941  -0.0006   0.0000  -0.0000  67.8904  67.8904   0.5000   0.5000 
  0.0029  -1.2210   2.7457 109.8471 108.8969  -0.5365 216.4210  -0.0011   0.0000  -0.0000 109.4283 109.4283   0.5000   0.5000 
  0.0006  -2.4020   0.4064  44.7601  63.2480  -4.1775 109.9801  -0.0026   0.0000  -0.0000  67.0321  67.0321   0.5000   0.5000 
  0.0009  -1.2905   0.1353  53.9807  33.9959  -8.7331  94.6209  -0.0019   0.0000  -0.0000  41.4636  41.4636   0.5000   0.5000 
  0.0006  -2.6517   1.6190  78.2430  95.3550  16.4611 154.7596  -0.0017   0.0000  -0.0000  74.7224  74.7224   0.5000   0.5000 
  0.0064  -1.0102  -0.7538 148.2221 186.2188  31.9840 299.4271   0.0002   0.0000  -0.0000 145.6607 145.6607   0.5000   0.5000 
  0.0003   1.6079  -2.5380  20.0003  66.2901 -10.6271  94.9041  -0.0041   0.0000  -0.0000  73.1266  73.1266   0.5000   0.5000 
  0.0062  -1.1282  -0.5494 135.9141  95.2879  -1.0971 229.3950  -0.0009   0.0000  -0.0000  96.3723  96.3723   0.5000   0.5000 
  0.0004   2.0686  -0.2547  32.5310  21.7591  -3.6718  56.4039  -0.0034   0.0000  -0.0000  25.0187  25.0187   0.5000   0.5000 
  0.0019  -1.3222   2.8533 148.7316 163.5709  10.1083 299.0534  -0.0009   0.0000  -0.0000 152.7673 152.7673   0.5000   0.5000 
  0.0005   1.9554  -3.1025  35.6359  39.5420   2.2124  71.2475  -0.0038   0.0000  -0.0000  37.2207  37.2207   0.5000   0.5000 
  0.0001   1.5271  -1.4159  44.0567  10.7054  -6.4363  59.6904  -0.0019   0.0000  -0.0000  16.2848  16.2848   0.5000   0.5000 
  0.0016  -2.1613   2.9170  92.2763  54.6730  -2.5074 146.9999  -0.0013   0.0000  -0.0000  57.1018  57.1018   0.5000   0.5000 
  0.0015   0.8942   0.7690 142.4110 113.3589  13.2155 239.6670  -0.0009   0.0000  -0.0000  98.8561  98.8561   0.5000   0.5000 
  0.0010  -1.6186  -3.0611 125.5594  85.2738 -12.0025 219.9306  -0.0009   0.0000  -0.0000  96.1941  96.1941   0.5000   0.5000 
  0.0044  -1.2335  -0.5263 140.4964 120.9574  28.8994 229.8170  -0.0007   0.0000  -0.0000  84.8079  84.8079   0.5000   0.5000 
  0.0008  -2.1809   1.3217 167.1921  82.1637  12.5136 234.0473  -0.0007   0.0000  -0.0000  68.6900  68.6900   0.5000   0.5000 
  0.0008  -1.3407   1.4354  61.0462  84.5288   8.1577 135.1150  -0.0023   0.0000  -0.0000  75.2127  75.2127   0.5000   0.5000 
  0.0002  -0.6442  -0.7973  30.1413 253.5592   5.3404 275.8379   0.0000   0.0000  -0.0000 247.2031 247.2031   0.5000   0.5000 
  0.0018  -1.1372   2.1894  92.5848 150.4338   2.1881 237.9192  -0.0014   0.0000  -0.0000 148.2054 148.2054   0.5000   0.5000 
  0.0008  -2.9215   2.6771  82.3145  49.6512  -8.7310 138.2565  -0.0013   0.0000  -0.0000  57.5078  57.5078   0.5000   0.5000 
  0.0016  -1.5653  -0.5003  59.9229  79.4568   7.7831 129.3330  -0.0023   0.0000  -0.0000  70.6084  70.6084   0.5000   0.5000 
  0.0049  -1.0096  -0.5455 297.6041 202.5933  78.5456 418.5114   0.0014   0.0000  -0.0000  96.4121  96.4121   0.5000   0.5000 
  0.0013  -1.6703  -0.7714  94.3506 145.5358  -9.1226 246.0113  -0.0012   0.0000  -0.0000 153.8160 153.8160   0.5000   0.5000 
  0.0004  -2.9972   2.2963  62.4064  21.6503  -4.7837  86.9510  -0.0018   0.0000  -0.0000  26.0659  26.0659   0.5000   0.5000 
  0.0011  -1.9667   0.5974  83.9725  45.0863  -6.2468 132.9316  -0.0014   0.0000  -0.0000  50.8720  50.8720   0.5000   0.5000 
  0.0012   1.2703   0.4049 147.8485  88.3896  -6.4871 239.7710  -0.0008   0.0000  -0.0000  94.5853  94.5853   0.5000   0.5000 
  0.0034  -1.5239  -0.0997 145.3485 118.0801  25.9728 234.6740  -0.0008   0.0000  -0.0000  86.6345  86.6345   0.5000   0.5000 
  0.0007  -2.5640   1.3603  66.2753  34.5198  -5.2925 103.9585  -0.0017   0.0000  -0.0000  39.3910  39.3910   0.5000   0.5000 
  0.0001  -0.8333  -1.4954  39.7005  84.5118  22.2597 100.5584   0.0114   0.0000  -0.0000  37.0772  37.0772   0.5000   0.5000 
  0.0009  -2.0586  -0.0452  95.5335 103.9637  14.8924 182.0208  -0.0014   0.0000  -0.0000  86.4514  86.4514   0.5000   0.5000 
  0.0005   1.1552  -2.1641  55.1297  83.6898  -3.7764 140.1653  -0.0021   0.0000  -0.0000  87.1953  87.1953   0.5000   0.5000 
  0.0024  -1.7901   1.9669  99.9995 116.3638   2.0297 211.5121  -0.0013   0.0000  -0.0000 114.3028 114.3028   0.5000   0.5000 
  0.0001   2.2710  -1.3288  79.1719  24.9247  13.2858  89.4521   0.0083   0.0000  -0.0000   9.2887   9.2887   0.5000   0.5000 
  0.0004  -1.8031  -2.3132  19.0295  45.2561  -5.1134  67.7047  -0.0052   0.0000  -0.0000  49.2099  49.2099   0.5000   0.5000 
  0.0002   2.2194  -2.2061  12.7544  45.3309  -6.8627  63.3539  -0.0065   0.0000  -0.0000  49.6892  49.6892   0.5000   0.5000 
  0.0007  -2.1427  -0.7246  79.2533 118.0498  19.0192 175.8081  -0.0018   0.0000  -0.0000  93.2891  93.2891   0.5000   0.5000 
  0.0014  -1.5234  -0.8737  71.8290  60.6779  -5.1785 135.2640  -0.0016   0.0000  -0.0000  65.4791  65.4791   0.5000   0.5000 
  0.0010  -2.4842   1.9492  86.4092 154.2484  26.1794 211.8884  -0.0017   0.0000  -0.0000 117.1051 117.1051   0.5000   0.5000 
  0.0010  -1.0177  -0.2449 138.1722 112.3208  31.5619 216.3006  -0.0004   0.0000  -0.0000  71.7092  71.7092   0.5000   0.5000 
  0.0003  -1.8083  -1.7688  68.2894  47.3429  21.3700  92.7593   0.0118   0.0000  -0.0000  17.1568  17.1568   0.5000   0.5000 
  0.0006   1.9335   0.0967  83.4370  92.2865  33.6609 140.1395   0.0073   0.0000  -0.0000  37.2618  37.2618   0.5000   0.5000 
  0.0001  -2.9754   0.7277  20.7074 156.8920   3.9201 171.6028  -0.0077   0.0000  -0.0000 152.2047 152.2047   0.5000   0.5000 
  0.0035  -1.3051  -0.2278 153.4324 164.1053  45.9980 268.7440  -0.0002   0.0000  -0.0000  98.9170  98.9170   0.5000   0.5000 
  0.0013  -1.5609   1.5459 123.6588  61.8346  -6.3803 189.1716  -0.0009   0.0000  -0.0000  67.8808  67.8808   0.5000   0.5000 
  0.0026  -2.3648   2.7916 148.5377 128.8861  23.9392 250.6070  -0.0008   0.0000  -0.0000 100.4942 100.4942   0.5000   0.5000 
  0.0027  -1.8918   2.5428  82.6971  79.3617   4.3166 155.2449  -0.0016   0.0000  -0.0000  74.8382  74.8382   0.5000   0.5000 
  0.0022  -1.4271   2.7349  95.7837 139.9555  12.0510 220.8955  -0.0015   0.0000  -0.0000 126.2614 126.2614   0.5000   0.5000 
  0.0047  -0.9562  -0.7469 109.6754 153.4510  16.7919 243.4610  -0.0013   0.0000  -0.0000 133.7453 133.7453   0.5000   0.5000 
  0.0018  -1.7142   1.8646  82.4330 102.5413  -7.3344 189.5538  -0.0014   0.0000  -0.0000 109.2412 109.2412   0.5000   0.5000 
  0.0071  -1.1447  -0.7652 162.5382 209.7357  28.2436 340.8345   0.0001   0.0000  -0.0000 175.7038 175.7038   0.5000   0.5000 
  0.0001  -1.0721   3.0393  58.5619  60.7108 -29.8085 146.4879  -0.0013   0.0000  -0.0000  80.3817  80.3817   0.5000   0.5000 
  0.0128  -1.0706  -0.7695 498.3887 510.0605 166.2485 838.3530   0.0007   0.0000  -0.0000 261.3685 261.3685   0.5000   0.5000 
  0.0002   0.6096  -2.1630  35.8576  11.5658   8.7451  38.7669   0.2080   0.0000  -0.0000   1.6465   1.6465   0.5000   0.5000 
  0.0028  -1.9612   2.0364 115.3067 132.5436  14.4641 230.5423  -0.0012   0.0000  -0.0000 116.0989 116.0989   0.5000   0.5000 
  0.0034  -2.2670   2.3576 125.7970 110.1870   3.4305 229.6552  -0.0010   0.0000  -0.0000 106.6752 106.6752   0.5000   0.5000 
  0.0021  -2.5582   2.7566  95.9652 169.8899  15.0082 247.9774  -0.0015   0.0000  -0.0000 152.2215 152.2215   0.5000   0.5000 
  0.0003  -2.6105   1.0201  51.1030  92.9272   4.2370 137.4709  -0.0027   0.0000  -0.0000  88.3590  88.3590   0.5000   0.5000 
  0.0126  -1.1090  -0.7213 392.4169 330.9335 109.8360 609.9373   0.0006   0.0000  -0.0000 178.9059 178.9059   0.5000   0.5000 
  0.0004   1.1345   1.3031 119.6406  64.5215  34.2003 148.1417   0.0164   0.0000  -0.0000  17.6543  17.6543   0.5000   0.5000 
  0.0065  -1.0194  -0.6440 131.2142 129.1366  -3.7044 260.9985  -0.0009   0.0000  -0.0000 132.7264 132.7264   0.5000   0.5000 
  0.0017   1.1805   0.5609 124.1784 127.9523   8.1617 241.0415  -0.0011   0.0000  -0.0000 119.2570 119.2570   0.5000   0.5000 
  0.0012   1.0961   0.3203 352.1809 255.4012 126.3639 478.2950   0.0106   0.0000  -0.0000  60.1916  60.1916   0.5000   0.5000 
  0.0038  -1.2960   2.6001 116.2348 123.6305  20.6689 216.4611  -0.0011   0.0000  -0.0000  98.6556  98.6556   0.5000   0.5000 
  0.0022  -0.9200   2.2863 177.4660 184.9611  42.6623 316.7213   0.0003   0.0000  -0.0000 129.0894 129.0894   0.5000   0.5000 
  0.0002   0.6983   1.1135  80.9423 100.6341 -23.7720 202.4736  -0.0011   0.0000  -0.0000 118.9361 118.9361   0.5000   0.5000 
  0.0008  -1.5731  -0.9768  83.1998  39.9379 -13.4644 134.1875  -0.0012   0.0000  -0.0000  51.4804  51.4804   0.5000   0.5000 
  0.0002  -2.5085  -1.2182  96.3645  55.9989  13.9901 136.1684  -0.0010   0.0000  -0.0000  39.7730  39.7730   0.5000   0.5000 
  0.0014  -1.7837  -0.1994  79.2116 107.3418  -6.0256 189.8335  -0.0015   0.0000  -0.0000 112.9102 112.9102   0.5000   0.5000 
  0.0028  -1.4605   2.2103 111.0926 123.9953  19.1719 213.1885  -0.0012   0.0000  -0.0000 100.9796 100.9796   0.5000   0.5000 
  0.0003   1.2916  -0.3129  14.8685  19.5053  -5.5146  38.6531  -0.0060   0.0000  -0.0000  23.4452  23.4452   0.5000   0.5000 
  0.0020  -2.4855   2.2407 111.5386 107.6297  13.1100 203.3385  -0.0012   0.0000  -0.0000  92.8612  92.8612   0.5000   0.5000 
  0.0042  -2.1175   2.2066 117.5470  87.9764   1.4326 201.3236  -0.0011   0.0000  -0.0000  86.5324  86.5324   0.5000   0.5000 
  0.0016  -1.2708  -1.0208  83.6148 109.6510  13.1787 177.5282  -0.0017   0.0000  -0.0000  94.1364  94.1364   0.5000   0.5000 
  0.0013  -1.4537   1.8121 175.7138 138.8071  36.5019 275.1247  -0.0005   0.0000  -0.0000  92.9829  92.9829   0.5000   0.5000 
  0.0078  -1.1804  -0.6451 165.4502 180.3153  45.0845 297.7369  -0.0005   0.0000  -0.0000 118.7436 118.7436   0.5000   0.5000 
  0.0031  -1.1707   2.7327 185.8070 115.6284  35.2054 263.4215  -0.0002   0.0000  -0.0000  72.4194  72.4194   0.5000   0.5000 
  0.0127  -1.0727  -0.7359 207.6640 160.7319  17.1077 348.0236   0.0000   0.0000  -0.0000 142.1438 142.1438   0.5000   0.5000 
  0.0019  -1.2510   2.3609 110.0264 107.8395  13.9816 201.1819  -0.0012   0.0000  -0.0000  91.9204  91.9204   0.5000   0.5000 
  0.0007  -2.1407   0.0760 115.0243  86.7680  12.4748 186.6988  -0.0011   0.0000  -0.0000  72.8563  72.8563   0.5000   0.5000 
  0.0019  -2.4046   2.3525 158.8458 107.5439  27.6011 236.0362  -0.0006   0.0000  -0.0000  74.3211  74.3211   0.5000   0.5000 
  0.0006  -1.8756  -2.8086  42.2579 140.8429  10.7572 170.0407  -0.0039   0.0000  -0.0000 126.6672 126.6672   0.5000   0.5000 
  0.0029  -1.1063   2.5245 116.5192 109.8196  12.5284 211.0472  -0.0012   0.0000  -0.0000  95.8597  95.8597   0.5000   0.5000 
  0.0023  -1.3262   2.2857 130.7973 114.5582   1.7567 240.6459  -0.0010   0.0000  -0.0000 112.7846 112.7846   0.5000   0.5000 
  0.0025  -1.0855   2.2556 109.7526 153.8912  23.7431 237.1043  -0.0013   0.0000  -0.0000 123.8125 123.8125   0.5000   0.5000 
  0.0001   3.0130  -0.7976  27.3658  46.8762   5.1586  67.5268  -0.0055   0.0000  -0.0000  40.6831  40.6831   0.5000   0.5000 
  0.0014  -2.0164   2.8043 102.6255  89.7657   7.9414 181.8168  -0.0013   0.0000  -0.0000  81.2084  81.2084   0.5000   0.5000 
  0.0012  -2.1145   0.3310  49.8874  99.6542  -6.2958 153.3365  -0.0022   0.0000  -0.0000 105.1973 105.1973   0.5000   0.5000 
  0.0012   0.9160   0.8802 188.7502 227.0717  57.4983 355.2356   0.0006   0.0000  -0.0000 144.8861 144.8861   0.5000   0.5000 
  0.0011  -2.7425   2.3605 102.7726 101.2129  10.0093 191.3007  -0.0013   0.0000  -0.0000  90.1905  90.1905   0.5000   0.5000 
  0.0011   1.3934   0.0934 148.9039 203.7798  53.4681 296.3765   0.0012   0.0000  -0.0000 121.0838 121.0838   0.5000   0.5000 
  0.0016  -1.9416   0.3231 132.7427  96.5622  19.1410 207.4840  -0.0009   0.0000  -0.0000  74.3234  74.3234   0.5000   0.5000 
  0.0029  -2.2524   2.1751 133.0543 109.4108  26.0752 213.7209  -0.0008   0.0000  -0.0000  77.1958  77.1958   0.5000   0.5000 
  0.0011  -1.7062  -0.4862 118.7735  94.5327   3.0350 207.4780  -0.0011   0.0000  -0.0000  91.4320  91.4320   0.5000   0.5000 
  0.0049  -1.2400  -0.5778 109.5114 102.3159  10.1556 198.9564  -0.0012   0.0000  -0.0000  91.1855  91.1855   0.5000   0.5000 
  0.0040  -1.8490   2.3254  89.5164  89.8711 -11.1322 187.7531  -0.0012   0.0000  -0.0000  99.7277  99.7277   0.5000   0.5000 
  0.0006  -2.2526   1.1644 256.4172  75.7483  16.7866 312.4510  -0.0004   0.0000  -0.0000  57.8354  57.8354   0.5000   0.5000 
  0.0001  -2.8307   0.9610  79.6805 147.1585  47.4880 177.6457   0.0441   0.0000  -0.0000  36.7104  36.7104   0.5000   0.5000 
  0.0006  -1.6654   1.3814  62.2003  84.7539   0.1758 144.3372  -0.0020   0.0000  -0.0000  84.5790  84.5790   0.5000   0.5000 
  0.0004   1.6685   1.8385   7.8748   7.1522  -0.3134  15.1583   0.0000   0.0000  -0.0000   7.4352   7.4352   0.5000   0.5000 
  0.0033  -1.8305   2.1422  97.0085 139.7054   4.1667 229.6679  -0.0014   0.0000  -0.0000 135.3759 135.3759   0.5000   0.5000 
  0.0030  -2.3753   2.5675 118.2585 106.1529  10.3665 211.2685  -0.0011   0.0000  -0.0000  94.8496  94.8496   0.5000   0.5000 
  0.0011   1.6068  -0.0743 158.5156 107.8542  23.2641 240.2969  -0.0007   0.0000  -0.0000  80.7223  80.7223   0.5000   0.5000 
  0.0018  -1.5759   2.9174 103.4485 149.7158  25.4623 224.9863  -0.0013   0.0000  -0.0000 116.2216 116.2216   0.5000   0.5000 
  0.0001   1.6451  -2.6809 221.1071 918.7124 160.4343 976.2421   0.0767   0.0000  -0.0000 300.0000 300.0000   0.5000   0.5000 
  0.0002   1.2006   2.6856  54.4703  28.4905   8.8537  72.5959  -0.0010   0.0000  -0.0000  18.0995  18.0995   0.5000   0.5000 
  0.0003  -1.4411   0.5785 121.6646 119.2335  24.8707 213.3417  -0.0010   0.0000  -0.0000  88.1888  88.1888   0.5000   0.5000 
  0.0031  -1.9103   2.4059 110.3405 102.6031  17.6816 192.6368  -0.0012   0.0000  -0.0000  81.6896  81.6896   0.5000   0.5000 
  0.0023  -1.4522  -0.1769 118.0035  95.3764   3.6893 206.9029  -0.0011   0.0000  -0.0000  91.5854  91.5854   0.5000   0.5000 
  0.0077  -1.1266  -0.6235 158.6412 103.0379  11.1631 247.6035  -0.0008   0.0000  -0.0000  91.0759  91.0759   0.5000   0.5000 
  0.0005  -2.8041   1.8522 121.3721  98.4013  26.8624 190.3966  -0.0006   0.0000  -0.0000  64.1832  64.1832   0.5000   0.5000 
  0.0003  -2.9634   0.0310  14.9015  13.0872   5.3804  22.4812   0.0206   0.0000  -0.0000   5.6643   5.6643   0.5000   0.5000 
  0.0009  -2.1457   1.7816 132.0935 111.4448  -5.8518 246.3854  -0.0009   0.0000  -0.0000 117.0291 117.0291   0.5000   0.5000 
  0.0017   1.0606   0.4856 170.7976 172.5586  38.1092 302.2335  -0.0007   0.0000  -0.0000 123.7617 123.7617   0.5000   0.5000 
  0.0002  -1.2015  -2.4446  77.7955  53.3405  28.8129 101.0632   0.0616   0.0000  -0.0000  10.0329  10.0329   0.5000   0.5000 
  0.0018  -2.3211   2.8928 142.3112  69.8732  13.5836 196.0100  -0.0008   0.0000  -0.0000  54.9304  54.9304   0.5000   0.5000 
  0.0029  -1.6315   0.0506 156.7902 156.5243  36.9481 273.4699  -0.0006   0.0000  -0.0000 108.4735 108.4735   0.5000   0.5000 
  0.0000  -0.1215   1.5847   0.0623   0.9172  -0.0098   3.8770   0.0000   0.0000  -0.0000   0.9175   0.9175   0.5000   0.5000 
  0.0009  -1.7192   3.1266  73.7403  79.0491  12.3241 138.1656  -0.0018   0.0000  -0.0000  64.3997  64.3997   0.5000   0.5000 
  0.0010   0.9106   1.0120  67.4394 106.5057  -8.9615 180.2095  -0.0016   0.0000  -0.0000 114.3679 114.3679   0.5000   0.5000 
  0.0039  -0.9663  -0.8200 112.4819 174.3166  17.8501 265.9974  -0.0013   0.0000  -0.0000 153.2266 153.2266   0.5000   0.5000 
  0.0003  -0.8850   1.8080  56.6676  82.5163  22.9108 114.4514   0.0010   0.0000  -0.0000  45.0942  45.0942   0.5000   0.5000 
  0.0003  -2.1255   0.8930  79.5699  58.8945 -20.3285 156.1728  -0.0011   0.0000  -0.0000  75.0225  75.0225   0.5000   0.5000 
  0.0025  -2.4778   2.6850  91.8318 115.9920  12.2962 192.8681  -0.0015   0.0000  -0.0000 101.8966 101.8966   0.5000   0.5000 
  0.0002   2.1887   2.9373  69.8161  50.3048  11.5344 106.5964  -0.0016   0.0000  -0.0000  36.6497  36.6497   0.5000   0.5000 
  0.0028  -1.0066  -0.9762 108.8276  87.4782   1.7337 191.8502  -0.0012   0.0000  -0.0000  85.7248  85.7248   0.5000   0.5000 
  0.0004  -1.9945  -1.0110  80.1042 112.3957   6.1649 183.6935  -0.0017   0.0000  -0.0000 105.7646 105.7646   0.5000   0.5000 
  0.0018  -1.8410  -0.3341 152.8728  97.4187  26.0616 221.5529  -0.0006   0.0000  -0.0000  66.1851  66.1851   0.5000   0.5000 
  0.0021  -1.3512   2.1794 104.0464 100.1478  -0.9582 202.3577  -0.0012   0.0000  -0.0000 101.0928 101.0928   0.5000   0.5000 
  0.0007  -0.7604  -0.9821 130.2960 101.1038  16.3519 212.3141  -0.0010   0.0000  -0.0000  82.5057  82.5057   0.5000   0.5000 
  0.0003   2.5707  -2.7944 203.3050  80.9087  32.0311 249.5703   0.0004   0.0000  -0.0000  43.0985  43.0985   0.5000   0.5000 
  0.0023  -1.5976   2.6982  97.8845 153.7468  20.3985 228.4715  -0.0015   0.0000  -0.0000 128.1787 128.1787   0.5000   0.5000 
  0.0002  -0.9375  -0.0582  72.0304  47.4521  18.5896  99.1819   0.0028   0.0000  -0.0000  22.8799  22.8799   0.5000   0.5000 
  0.0001   3.0687  -2.2720  43.2560  13.3274  -8.0843  63.0447  -0.0019   0.0000  -0.0000  20.0948  20.0948   0.5000   0.5000 
  0.0020  -1.0115   2.4111 255.4161 181.4291  43.7755 389.8019   0.0002   0.0000  -0.0000 128.7712 128.7712   0.5000   0.5000 
  0.0001   1.8944  -0.8030  81.7906  32.8403   6.1462 106.5322  -0.0015   0.0000  -0.0000  26.2495  26.2495   0.5000   0.5000 
  0.0002  -1.5889  -1.4821  27.8579  32.9033 -10.7464  69.6735  -0.0031   0.0000  -0.0000  40.5760  40.5760   0.5000   0.5000 
  0.0001   1.8651   2.2387  18.2907  35.8095 -11.0596  63.4394  -0.0041   0.0000  -0.0000  42.6031  42.6031   0.5000   0.5000 
  0.0004   1.5970  -3.0160  24.9364  68.7802 -12.4122 103.9899  -0.0033   0.0000  -0.0000  76.9683  76.9683   0.5000   0.5000 
  0.0012  -2.1694   3.0108  90.8576  66.3834 -29.3403 183.7855  -0.0009   0.0000  -0.0000  88.4919  88.4919   0.5000   0.5000 
  0.0015  -2.8701   3.0039 131.0733 122.4226  38.6540 212.3083   0.0003   0.0000  -0.0000  68.1282  68.1282   0.5000   0.5000 
  0.0014  -2.0585  -0.3091 150.6836  97.0897  13.3771 231.5691  -0.0009   0.0000  -0.0000  82.4722  82.4722   0.5000   0.5000 
  0.0012  -1.9319   2.9168  66.6375  72.3119  -9.2517 145.6841  -0.0016   0.0000  -0.0000  80.3878  80.3878   0.5000   0.5000 
  0.0011  -1.7333   0.4755  81.2161  63.1153   1.4451 140.4774  -0.0016   0.0000  -0.0000  61.6534  61.6534   0.5000   0.5000 
  0.0002   2.9468   2.9713  72.3491  58.6779 -10.5057 139.0571  -0.0015   0.0000  -0.0000  67.8040  67.8040   0.5000   0.5000 
  0.0003  -1.8456   0.9256  71.4552 192.4335  35.6196 225.9152  -0.0014   0.0000  -0.0000 122.9476 122.9476   0.5000   0.5000 
  0.0026  -1.7106   0.2370 137.0094 135.6955  30.2543 239.6675  -0.0008   0.0000  -0.0000  97.1259  97.1259   0.5000   0.5000 
  0.0039  -2.0902   2.3385 103.1595 102.9100   9.8589 193.5220  -0.0013   0.0000  -0.0000  92.0748  92.0748   0.5000   0.5000 
  0.0092  -1.1177  -0.6913 259.5740 174.5838  50.0804 380.8811   0.0004   0.0000  -0.0000 112.7619 112.7619   0.5000   0.5000 
  0.0021   1.0365   0.6731 169.8941 157.3734  35.9434 288.3558  -0.0006   0.0000  -0.0000 112.0247 112.0247   0.5000   0.5000 
  0.0079  -1.0670  -0.6701 133.0407 108.5239   3.1492 235.4936  -0.0010   0.0000  -0.0000 105.3111 105.3111   0.5000   0.5000 
  0.0005  -2.0751  -3.0158 176.7323  89.9592  39.8631 224.3788   0.0021   0.0000  -0.0000  38.9178  38.9178   0.5000   0.5000 
  0.0027  -1.3095   2.4982  86.0591  93.9040   7.8609 169.5404  -0.0016   0.0000  -0.0000  85.3139  85.3139   0.5000   0.5000 
  0.0101  -1.0474  -0.7832 398.3133 499.3250 150.3011 743.6403   0.0009   0.0000  -0.0000 258.9186 258.9186   0.5000   0.5000 
  0.0004   0.9198  -2.3904 151.0027 139.9712  31.6501 256.4694  -0.0007   0.0000  -0.0000 100.1622 100.1622   0.5000   0.5000 
  0.0001  -2.1220  -2.0679 197.0047 203.6120  80.6734 317.2863   0.0076   0.0000  -0.0000  68.7104  68.7104   0.5000   0.5000 
  0.0008   1.7575   0.1004 123.5029 117.1355  31.8278 206.2358  -0.0005   0.0000  -0.0000  74.6222  74.6222   0.5000   0.5000 
  0.0003  -2.2686  -1.1200  88.1598  42.8756 -28.8464 157.2578  -0.0008   0.0000  -0.0000  64.5488  64.5488   0.5000   0.5000 
  0.0002  -0.9544   2.9418  49.3006 112.8342  17.1281 142.8805  -0.0033   0.0000  -0.0000  87.1090  87.1090   0.5000   0.5000 
  0.0024  -1.4888  -0.5082  82.7432  77.6586   5.4598 152.4722  -0.0016   0.0000  -0.0000  71.8538  71.8538   0.5000   0.5000 
  0.0066  -1.0607  -0.8188 218.7331 132.9217  12.4215 336.0153  -0.0006   0.0000  -0.0000 119.7877 119.7877   0.5000   0.5000 
  0.0012  -1.1451   1.9922  94.2338  77.3317 -14.4801 183.2926  -0.0011   0.0000  -0.0000  89.8332  89.8332   0.5000   0.5000 
  0.0024  -1.4517   2.3253  99.4777  79.1918   0.3002 175.7276  -0.0013   0.0000  -0.0000  78.8923  78.8923   0.5000   0.5000 
  0.0023  -1.6921   2.2793  90.3658  85.2594  -0.4174 173.4039  -0.0014   0.0000  -0.0000  85.6726  85.6726   0.5000   0.5000 
  0.0006   1.2300   0.1432 116.8074  79.9454   8.5819 185.5402  -0.0011   0.0000  -0.0000  70.7315  70.7315   0.5000   0.5000 
  0.0001   1.3364   2.2503  40.0595  32.8568  -3.4168  74.4999  -0.0029   0.0000  -0.0000  35.9719  35.9719   0.5000   0.5000 
  0.0003   1.0702  -1.5721  29.1184  19.5148   5.6750  41.9624  -0.0024   0.0000  -0.0000  12.6968  12.6968   0.5000   0.5000 
  0.0015  -1.9536   0.0402 100.8014 109.5934   5.7803 201.8581  -0.0013   0.0000  -0.0000 103.4957 103.4957   0.5000   0.5000 
  0.0068  -1.1123  -0.8197 138.4044 149.8614   4.3730 280.7939  -0.0009   0.0000  -0.0000 145.3632 145.3632   0.5000   0.5000 
  0.0002   1.1059  -2.9585  73.2251  91.7123  28.3870 134.5716   0.0022   0.0000  -0.0000  46.3545  46.3545   0.5000   0.5000 
  0.0014  -2.3224   2.0005  94.9390 134.8253  19.3151 207.7731  -0.0015   0.0000  -0.0000 110.7717 110.7717   0.5000   0.5000 
  0.0031  -1.4669   2.4502  88.8497  87.9443   1.6478 172.5241  -0.0014   0.0000  -0.0000  86.2752  86.2752   0.5000   0.5000 
  0.0003   1.6170   2.7558  73.4552 160.5204   5.0481 226.1331  -0.0018   0.0000  -0.0000 155.1407 155.1407   0.5000   0.5000 
  0.0008  -2.4010   1.1522  99.9207  86.4746  13.5808 170.2959  -0.0013   0.0000  -0.0000  70.8688  70.8688   0.5000   0.5000 
  0.0011   1.4477   0.3236 105.4345 112.1779  20.3642 194.6335  -0.0012   0.0000  -0.0000  87.1280  87.1280   0.5000   0.5000 
  0.0021  -1.3636   2.0203  48.6997  95.6767 -15.7406 157.5365  -0.0019   0.0000  -0.0000 107.4899 107.4899   0.5000   0.5000 
  0.0055  -1.1316  -0.3672 239.7788 190.6475  67.1295 360.2675   0.0013   0.0000  -0.0000  97.9357  97.9357   0.5000   0.5000 
  0.0018  -1.4178   0.0158  85.3036 105.0455  -3.6988 191.3004  -0.0014   0.0000  -0.0000 108.5713 108.5713   0.5000   0.5000 
  0.0035  -1.9266   2.1745 131.1342 102.4022  16.0471 214.7403  -0.0010   0.0000  -0.0000  84.2145  84.2145   0.5000   0.5000 
  0.0002   0.9289   1.5926  25.3477  38.7960  14.8006  48.9033   0.1004   0.0000  -0.0000   9.5754   9.5754   0.5000   0.5000 
  0.0006  -1.5477   1.0540  46.6046 166.2104  -2.8602 213.0012  -0.0026   0.0000  -0.0000 168.8784 168.8784   0.5000   0.5000 
  0.0002   1.4300  -0.8238  33.7042  74.1853   6.8373  99.1579  -0.0046   0.0000  -0.0000  65.7881  65.7881   0.5000   0.5000 
  0.0107  -1.1208  -0.7365 268.2382 258.3675  68.5054 454.7321   0.0004   0.0000  -0.0000 166.7147 166.7147   0.5000   0.5000 
  0.0002  -2.6799  -0.6416  43.8183  31.4553  -3.6057  77.0197  -0.0026   0.0000  -0.0000  34.7550  34.7550   0.5000   0.5000 
  0.0050  -1.2066  -0.4514 105.6016  91.6562   4.8112 189.7497  -0.0012   0.0000  -0.0000  86.6417  86.6417   0.5000   0.5000 
  0.0022  -2.6810   2.5573 140.5752 169.7465  44.7260 262.8287  -0.0003   0.0000  -0.0000 104.6919 104.6919   0.5000   0.5000 
  0.0000  -0.9498   1.4654  54.6624 228.5944   9.2076 271.2879   0.0000   0.0000  -0.0000 217.6490 217.6490   0.5000   0.5000 
  0.0005  -2.3126   0.5707 110.7328 136.5674  28.7209 215.9233  -0.0011   0.0000  -0.0000  98.1149  98.1149   0.5000   0.5000 
  0.0000   0.2130  -2.6217  96.6742   8.9155   8.1098  97.4853   0.1380   0.0000  -0.0000   0.6604   0.6604   0.5000   0.5000 
  0.0017  -1.6239   1.9001 110.2318 100.7967  22.6080 185.8824  -0.0010   0.0000  -0.0000  72.5780  72.5780   0.5000   0.5000 
  0.0024  -1.8103   0.0993 104.9597 111.6391   9.1745 204.6729  -0.0013   0.0000  -0.0000 101.6435 101.6435   0.5000   0.5000 
  0.0012   1.4799   0.1935 133.5657 198.9487  49.0144 280.7166   0.0011   0.0000  -0.0000 122.2606 122.2606   0.5000   0.5000 
  0.0010   1.3976  -0.1567  56.3462  82.2817  16.0835 120.4910  -0.0023   0.0000  -0.0000  60.1558  60.1558   0.5000   0.5000 
  0.0007   1.0904  -2.5385 122.9703 101.3647  23.7029 198.0341  -0.0009   0.0000  -0.0000  72.2066  72.2066   0.5000   0.5000 
  0.0028  -1.2414  -0.1999 244.0739 169.1753  65.6138 344.6910   0.0017   0.0000  -0.0000  79.9841  79.9841   0.5000   0.5000 
  0.0004  -2.6468  -2.5927  32.7256  19.1175  -0.9302  51.3652  -0.0038   0.0000  -0.0000  20.0092  20.0092   0.5000   0.5000 
  0.0001   2.7197  -2.1140 118.6819  91.3087  43.1752 164.8791   0.0179   0.0000  -0.0000  25.0636  25.0636   0.5000   0.5000 
  0.0011  -1.8160   1.7171 100.4649  49.4472 -26.3995 173.6043  -0.0008   0.0000  -0.0000  70.2954  70.2954   0.5000   0.5000 
  0.0023  -1.4446   2.8609  83.0669 143.9476  11.7913 212.4955  -0.0017   0.0000  -0.0000 130.3115 130.3115   0.5000   0.5000 
  0.0013  -1.4208  -3.0778 168.1063  83.3551   9.4494 239.1712  -0.0008   0.0000  -0.0000  73.3786  73.3786   0.5000   0.5000 
  0.0024  -1.4201  -0.3169 110.1538 104.9478  12.1238 200.2681  -0.0012   0.0000  -0.0000  91.4044  91.4044   0.5000   0.5000 
  0.0029  -1.0270   2.3349 119.7170 158.8835  27.8056 247.9689  -0.0011   0.0000  -0.0000 122.9200 122.9200   0.5000   0.5000 
  0.0003  -0.7073  -0.6080 104.2059 161.4491  14.6037 248.1569  -0.0014   0.0000  -0.0000 144.5716 144.5716   0.5000   0.5000 
  0.0030  -1.0104  -0.4447 159.4949 141.3993  26.8282 271.1150  -0.0008   0.0000  -0.0000 109.3025 109.3025   0.5000   0.5000 
  0.0009  -0.9379   2.4850 186.1880  47.2182   5.4101 225.3743  -0.0007   0.0000  -0.0000  41.6636  41.6636   0.5000   0.5000 
  0.0018  -2.5490   2.6457  95.4590 111.4377   5.6338 198.5251  -0.0014   0.0000  -0.0000 105.4857 105.4857   0.5000   0.5000 
  0.0002   2.2128  -2.5389  61.7421 140.3506 -10.4363 209.7271  -0.0017   0.0000  -0.0000 149.2200 149.2200   0.5000   0.5000 
